Oval 0 255 0 185.0 144.0 86.0 54.0
Oval 0 255 0 409.0 160.0 55.0 45.0
Oval 0 255 0 268.0 290.0 128.0 35.0
Oval 0 255 0 334.0 201.0 22.0 45.0
Line 255 0 0 90.0 59.0 402.0 141.0
Line 255 0 0 186.0 309.0 460.0 103.0
Line 255 0 0 504.0 105.0 510.0 279.0
Line 255 0 0 492.0 351.0 288.0 219.0
Line 255 0 0 180.0 257.0 438.0 277.0
Line 255 0 0 316.0 431.0 344.0 139.0
Line 255 0 0 366.0 401.0 356.0 145.0
Line 255 0 0 372.0 93.0 258.0 263.0
Line 255 0 0 222.0 111.0 296.0 245.0
Line 255 0 0 164.0 225.0 204.0 149.0
Line 255 0 0 374.0 53.0 424.0 39.0
Line 255 0 0 532.0 67.0 654.0 355.0
Line 255 0 0 590.0 443.0 590.0 443.0
Line 255 0 0 506.0 427.0 506.0 427.0
Line 255 0 0 546.0 341.0 548.0 341.0
Line 255 0 0 628.0 363.0 636.0 387.0
Line 255 0 0 152.0 381.0 218.0 355.0 218.0 237.0 110.0 129.0 150.0 103.0 354.0 97.0 498.0 149.0 586.0 203.0 676.0 251.0 768.0 363.0 634.0 423.0 460.0 403.0 476.0 177.0 578.0 43.0 742.0 123.0 718.0 247.0 546.0 291.0 396.0 233.0 282.0 179.0 180.0 159.0 166.0 157.0 148.0 163.0 116.0 255.0 90.0 257.0 64.0 237.0 62.0 233.0 74.0 201.0
