Oval 0 255 0 185.0 144.0 86.0 54.0 
Oval 0 255 0 409.0 160.0 55.0 45.0 
Oval 0 255 0 268.0 290.0 128.0 35.0 
Oval 0 255 0 334.0 201.0 22.0 45.0 
Rectangle 153 0 153 268.0 57.0 36.0 42.0 
Rectangle 153 0 153 408.0 74.0 41.0 35.0 
Rectangle 153 0 153 34.0 347.0 597.0 19.0 
Line 255 0 0 135.0 82.0 169.0 121.0 
Line 255 0 0 184.0 69.0 196.0 104.0 
Line 255 0 0 222.0 51.0 225.0 91.0 
Line 255 0 0 256.0 46.0 253.0 82.0 
Line 255 0 0 324.0 45.0 331.0 92.0 
Line 255 0 0 384.0 30.0 375.0 90.0 
Line 255 0 0 417.0 52.0 391.0 111.0 
Line 255 0 0 494.0 66.0 466.0 103.0 
Line 255 0 0 524.0 85.0 486.0 124.0 
Line 255 0 0 553.0 127.0 495.0 155.0 
